501,256
0,0
0.00171428571428571,19.0380761523047
0.00342857142857143,38.0761523046094
0.00514285714285714,57.1142284569139
0.00685714285714286,76.1523046092186
0.00857142857142857,95.1903807615233
0.0102857142857143,114.228456913828
0.012,133.266533066132
0.0137142857142857,152.304609218437
0.0154285714285714,171.342685370742
0.0171428571428571,190.380761523046
0.0188571428571429,209.418837675351
0.0205714285714286,228.456913827656
0.0222857142857143,247.49498997996
0.024,266.533066132265
0.0257142857142857,285.57114228457
0.0274285714285714,304.609218436874
0.0291428571428571,323.647294589179
0.0308571428571429,342.685370741483
0.0325714285714286,361.723446893788
0.0342857142857143,380.761523046093
0.036,399.799599198397
0.0377142857142857,418.837675350702
0.0394285714285714,437.875751503007
0.0411428571428571,456.913827655311
0.0428571428571429,475.951903807616
0.0445714285714286,494.98997995992
0.0462857142857143,514.028056112225
0.048,533.06613226453
0.0497142857142857,552.104208416834
0.0514285714285714,571.142284569139
0.0531428571428571,590.180360721444
0.0548571428571429,609.218436873748
0.0565714285714286,628.256513026053
0.0582857142857143,647.294589178357
0.06,666.332665330663
0.0617142857142857,685.370741482966
0.0634285714285714,704.408817635272
0.0651428571428571,723.446893787576
0.0668571428571429,742.484969939881
0.0685714285714286,761.523046092185
0.0702857142857143,780.56112224449
0.072,799.599198396794
0.0737142857142857,818.637274549099
0.0754285714285714,837.675350701404
0.0771428571428571,856.713426853708
0.0788571428571428,875.751503006013
0.0805714285714286,894.789579158317
0.0822857142857143,913.827655310622
0.084,932.865731462927
0.0857142857142857,951.903807615231
0.0874285714285714,970.941883767536
0.0891428571428571,989.97995991984
0.0908571428571428,1009.01803607215
0.0925714285714286,1028.05611222445
0.0942857142857143,1047.09418837675
0.096,1066.13226452906
0.0977142857142857,1085.17034068136
0.0994285714285714,1104.20841683367
0.101142857142857,1123.24649298597
0.102857142857143,1142.28456913828
0.104571428571429,1161.32264529058
0.106285714285714,1180.36072144289
0.108,1199.39879759519
0.109714285714286,1218.4368737475
0.111428571428571,1237.4749498998
0.113142857142857,1256.51302605211
0.114857142857143,1275.55110220441
0.116571428571429,1294.58917835671
0.118285714285714,1313.62725450902
0.12,1332.66533066132
0.121714285714286,1351.70340681363
0.123428571428571,1370.74148296593
0.125142857142857,1389.77955911824
0.126857142857143,1408.81763527054
0.128571428571429,1446.89378757515
0.130285714285714,1484.96993987976
0.132,1523.04609218437
0.133714285714286,1561.12224448898
0.135428571428571,1599.19839679359
0.137142857142857,1637.2745490982
0.138857142857143,1675.35070140281
0.140571428571429,1713.42685370742
0.142285714285714,1751.50300601202
0.144,1789.57915831663
0.145714285714286,1827.65531062124
0.147428571428571,1865.73146292585
0.149142857142857,1903.80761523046
0.150857142857143,1941.88376753507
0.152571428571429,1979.95991983968
0.154285714285714,2018.03607214429
0.156,2056.1122244489
0.157714285714286,2094.18837675351
0.159428571428571,2132.26452905812
0.161142857142857,2170.34068136273
0.162857142857143,2208.41683366734
0.164571428571429,2246.49298597194
0.166285714285714,2284.56913827655
0.168,2322.64529058116
0.169714285714286,2360.72144288577
0.171428571428571,2398.79759519038
0.173142857142857,2436.87374749499
0.174857142857143,2474.9498997996
0.176571428571429,2513.02605210421
0.178285714285714,2551.10220440882
0.18,2589.17835671343
0.181714285714286,2627.25450901804
0.183428571428571,2665.33066132265
0.185142857142857,2703.40681362725
0.186857142857143,2741.48296593186
0.188571428571429,2779.55911823647
0.190285714285714,2817.63527054108
0.192,2855.71142284569
0.193714285714286,2893.7875751503
0.195428571428571,2931.86372745491
0.197142857142857,2969.93987975952
0.198857142857143,3008.01603206413
0.200571428571429,3046.09218436874
0.202285714285714,3084.16833667335
0.204,3122.24448897796
0.205714285714286,3160.32064128257
0.207428571428571,3198.39679358718
0.209142857142857,3236.47294589179
0.210857142857143,3274.54909819639
0.212571428571429,3312.625250501
0.214285714285714,3350.70140280561
0.216,3388.77755511022
0.217714285714286,3426.85370741483
0.219428571428571,3464.92985971944
0.221142857142857,3503.00601202405
0.222857142857143,3541.08216432866
0.224571428571429,3579.15831663327
0.226285714285714,3617.23446893788
0.228,3655.31062124249
0.229714285714286,3693.38677354709
0.231428571428571,3731.4629258517
0.233142857142857,3769.53907815631
0.234857142857143,3807.61523046092
0.236571428571429,3845.69138276553
0.238285714285714,3883.76753507014
0.24,3921.84368737475
0.241714285714286,3959.91983967936
0.243428571428571,3997.99599198397
0.245142857142857,4036.07214428858
0.246857142857143,4074.14829659319
0.248571428571429,4112.2244488978
0.250285714285714,4150.30060120241
0.252,4188.37675350701
0.253714285714286,4226.45290581162
0.255428571428571,4264.52905811623
0.257142857142857,4302.60521042084
0.258857142857143,4340.68136272545
0.260571428571429,4378.75751503006
0.262285714285714,4416.83366733467
0.264,4454.90981963928
0.265714285714286,4492.98597194389
0.267428571428571,4531.0621242485
0.269142857142857,4569.13827655311
0.270857142857143,4607.21442885772
0.272571428571429,4645.29058116233
0.274285714285714,4683.36673346693
0.276,4721.44288577154
0.277714285714286,4759.51903807615
0.279428571428571,4797.59519038076
0.281142857142857,4835.67134268537
0.282857142857143,4873.74749498998
0.284571428571429,4911.82364729459
0.286285714285714,4949.8997995992
0.288,4987.97595190381
0.289714285714286,5026.05210420842
0.291428571428571,5064.12825651303
0.293142857142857,5102.20440881764
0.294857142857143,5140.28056112224
0.296571428571429,5178.35671342685
0.298285714285714,5216.43286573146
0.3,5254.50901803607
0.301714285714286,5292.58517034068
0.303428571428571,5330.40417998158
0.305142857142857,5367.70916156638
0.306857142857143,5404.50011509506
0.308571428571429,5440.77704056762
0.310285714285714,5476.53993798407
0.312,5511.78880734442
0.313714285714286,5546.52364864865
0.315428571428571,5580.74446189677
0.317142857142857,5614.45124708877
0.318857142857143,5647.64400422466
0.320571428571429,5680.32273330445
0.322285714285714,5712.48743432812
0.324,5744.13810729567
0.325714285714286,5775.27475220712
0.327428571428571,5805.89736906245
0.329142857142857,5836.00595786167
0.330857142857143,5865.60051860478
0.332571428571429,5894.68105129177
0.334285714285714,5923.24755592266
0.336,5951.30003249743
0.337714285714286,5978.83848101609
0.339428571428571,6005.86290147863
0.341142857142857,6032.37329388507
0.342857142857143,6058.36965823539
0.344571428571429,6083.8519945296
0.346285714285714,6108.8203027677
0.348,6133.27458294968
0.349714285714286,6157.21483507556
0.351428571428571,6180.64105914532
0.353142857142857,6203.55325515897
0.354857142857143,6225.9514231165
0.356571428571429,6247.83556301793
0.358285714285714,6269.20567486324
0.36,6290.06175865244
0.361714285714286,6310.40381438553
0.363428571428571,6330.2318420625
0.365142857142857,6349.54584168337
0.366857142857143,6368.34581324812
0.368571428571429,6386.63175675676
0.370285714285714,6404.40367220928
0.372,6421.6615596057
0.373714285714286,6438.405418946
0.375428571428571,6454.63525023019
0.377142857142857,6470.35105345827
0.378857142857143,6485.55282863023
0.380571428571429,6500.24057574609
0.382285714285714,6514.41429480583
0.384,6528.07398580946
0.385714285714286,6541.21964875697
0.387428571428571,6553.85128364838
0.389142857142857,6565.96889048367
0.390857142857143,6577.57246926285
0.392571428571429,6588.66201998592
0.394285714285714,6599.23754265287
0.396,6609.29903726372
0.397714285714286,6618.84650381845
0.399428571428571,6627.87994231707
0.401142857142857,6636.39935275957
0.402857142857143,6644.40473514597
0.404571428571429,6651.89608947625
0.406285714285714,6658.87341575042
0.408,6665.33671396848
0.409714285714286,6671.28598413042
0.411428571428571,6676.72122623626
0.413142857142857,6681.64244028598
0.414857142857143,6686.04962627959
0.416571428571429,6689.94278421708
0.418285714285714,6693.32191409847
0.42,6696.18701592374
0.421714285714286,6698.5380896929
0.423428571428571,6700.37513540595
0.425142857142857,6701.69815306288
0.426857142857143,6702.50714266371
0.428571428571429,6702.80210420842
0.430285714285714,6702.58303769702
0.432,6701.8499431295
0.433714285714286,6700.60282050588
0.435428571428571,6698.84166982614
0.437142857142857,6696.56649109029
0.438857142857143,6693.77728429832
0.440571428571429,6690.47404945025
0.442285714285714,6686.65678654607
0.444,6682.32549558577
0.445714285714286,6677.48017656936
0.447428571428571,6672.12082949683
0.449142857142857,6666.2474543682
0.450857142857143,6659.86005118345
0.452571428571429,6652.95861994259
0.454285714285714,6645.54316064562
0.456,6637.61367329253
0.457714285714286,6629.17015788334
0.459428571428571,6620.21261441803
0.461142857142857,6610.7410428966
0.462857142857143,6600.75544331907
0.464571428571429,6623.32242126864
0.466285714285714,6804.7733736226
0.468,7146.20937980678
0.469714285714286,7638.04321192274
0.471428571428571,8270.70540549944
0.473142857142857,9034.72445777445
0.474857142857143,9920.795742018
0.476571428571429,10919.8395560252
0.478285714285714,12023.0489054904
0.48,13221.9277542167
0.481714285714286,14508.3205588526
0.483428571428571,15874.4339525445
0.485142857142857,17312.8514561879
0.486857142857143,18816.5420842428
0.488571428571429,20378.8636803274
0.490285714285714,21993.5617713262
0.492,23654.7646721967
0.493714285714286,25356.9755109067
0.495428571428572,27095.0617772
0.497142857142857,28864.2429326772
0.498857142857143,30660.0765549444
0.500571428571429,32478.443426749
0.502285714285714,34315.5319230579
0.504,36167.8219955866
0.505714285714286,38032.0690056783
0.507428571428571,39905.2876127713
0.509142857142857,41784.7358869277
0.510857142857143,43667.899779835
0.512571428571428,45552.4780590581
0.514285714285714,47436.3677848007
0.516,49317.6503866608
0.517714285714286,51194.5783794763
0.519428571428571,53065.5627419867
0.521142857142857,54929.1609693299
0.522857142857143,56784.0658000236
0.524571428571429,58629.0946097302
0.526285714285714,60463.1794575024
0.528,62285.357765085
0.529714285714286,64094.7636059923
0.531428571428571,65890.6195782737
0.533142857142857,67672.2292329618
0.534857142857143,69438.9700289945
0.536571428571429,71190.2867847959
0.538285714285714,72925.6855965705
0.54,74644.7281936084
0.541714285714286,76347.0267014395
0.543428571428571,78032.2387844412
0.545142857142857,79700.0631404315
0.546857142857143,81350.235320827
0.548571428571429,82982.5238510703
0.550285714285714,84596.7266271972
0.552,86192.6675655998
0.553714285714286,87770.1934842222
0.555428571428571,89329.1711945865
0.557142857142857,90869.7419278356
0.558857142857143,92392.0613911352
0.560571428571428,93896.0407514845
0.562285714285714,95381.6012722436
0.564,96848.6721879968
0.565714285714286,98297.1886885153
0.567428571428571,99727.0899979809
0.569142857142857,101138.317536353
0.570857142857143,102530.813150419
0.572571428571429,103904.517402667
0.574285714285714,105259.367906642
0.576,106595.297697946
0.577714285714286,107912.233630422
0.579428571428571,109210.09478745
0.581142857142857,110488.790898579
0.582857142857143,111748.220751952
0.584571428571429,112988.270593224
0.586285714285714,114208.812501768
0.588,115409.702735126
0.589714285714286,116590.780032686
0.591428571428571,117751.86386959
0.593142857142857,118892.752651873
0.594857142857143,120013.221843747
0.596571428571429,121113.022017853
0.598285714285714,122191.876819185
0.6,123249.480833186
0.601714285714286,124285.497348358
0.603428571428571,125299.55600346
0.605142857142857,126291.250309137
0.606857142857143,127260.135033539
0.608571428571429,128205.723441163
0.610285714285714,129127.484373855
0.612,130024.839162562
0.613714285714286,130897.158358049
0.615428571428571,131743.758268455
0.617142857142857,132563.897291179
0.618857142857143,133356.772026219
0.620571428571429,134121.513157688
0.622285714285714,134857.181089877
0.624,135562.761323874
0.625714285714286,136237.159560349
0.627428571428571,136879.19651382
0.629142857142857,137487.602423332
0.630857142857143,138061.01124419
0.632571428571429,138597.954505051
0.634285714285714,139096.854814404
0.636,139556.019000135
0.637714285714286,139973.630865593
0.639428571428571,140347.743545226
0.641142857142857,140676.271442523
0.642857142857143,140956.981732545
0.644571428571429,141187.485410876
0.646285714285714,141365.227870173
0.648,141487.478984759
0.649714285714286,141551.322682763
0.651428571428571,141553.645984065
0.653142857142857,141474.077455595
0.654857142857143,141278.739707461
0.656571428571429,140961.955028864
0.658285714285714,140518.333290501
0.66,139942.858089294
0.661714285714286,139230.976969147
0.663428571428571,138378.694135984
0.665142857142857,137382.663760703
0.666857142857143,136240.281663992
0.668571428571429,134949.772922912
0.670285714285714,133510.272752434
0.672,131921.897917339
0.673714285714286,130185.805940061
0.675428571428571,128304.239503331
0.677142857142857,126280.553711613
0.678857142857143,124119.224273314
0.680571428571429,121825.835188365
0.682285714285714,119407.045155185
0.684,116870.532620254
0.685714285714286,114224.920147454
0.687428571428571,111479.679542488
0.689142857142857,108645.01988684
0.690857142857143,105731.761273544
0.692571428571429,102751.197555763
0.694285714285714,99714.9517886052
0.696,96634.8282449325
0.697714285714286,93522.664909089
0.699428571428571,90390.1902026437
0.701142857142857,87248.8873890172
0.702857142857143,84109.8696644089
0.704571428571429,80983.7684029648
0.706285714285714,77880.6364207399
0.708,74809.8674926898
0.709714285714286,71780.1327345741
0.711428571428571,68799.3338777856
0.713142857142857,65874.5729441773
0.714857142857143,63012.1373874114
0.716571428571429,60217.4994174863
0.718285714285714,57495.3279694418
0.72,54849.5116134828
0.721714285714286,52283.1906248922
0.723428571428571,49798.7964277597
0.725142857142857,47398.0966843232
0.726857142857143,45082.2444083012
0.728571428571429,42851.829622794
0.730285714285714,40706.9322488376
0.732,38656.6750885704
0.733714285714286,36700.2759479924
0.735428571428571,34827.098121052
0.737142857142857,33035.6986236816
0.738857142857143,31324.3737194735
0.740571428571429,29691.2014154806
0.742285714285714,28134.0807259048
0.744,26650.7676029593
0.745714285714286,25238.9075184822
0.747428571428571,23896.0647479947
0.749142857142857,22619.7484622608
0.750857142857143,21407.435771634
0.752571428571429,20256.5918972935
0.754285714285714,19164.6876625472
0.756,18129.2145083625
0.757714285714286,17147.697241649
0.759428571428571,16217.7047239273
0.761142857142857,15336.8587030613
0.762857142857143,14502.8409827266
0.764571428571429,13713.3991141206
0.766285714285714,12966.3507827958
0.768,12259.587051024
0.769714285714286,11591.0746032314
0.771428571428571,10958.8571291687
0.773142857142857,10361.0559668576
0.774857142857143,9795.87011521095
0.776571428571429,9261.57571469444
0.778285714285714,8756.52508357472
0.78,8279.14538725364
0.781714285714286,7827.937008929
0.783428571428571,7401.47168136165
0.785142857142857,6998.3904318452
0.786857142857143,6617.40138553845
0.788571428571429,6257.27746609513
0.790285714285714,5916.85402696369
0.792,5595.02644178579
0.793714285714286,5290.74767794579
0.795428571428571,5003.02587346663
0.797142857142857,4730.92193406103
0.798857142857143,4473.54716418785
0.800571428571429,4230.06094338476
0.802285714285714,3999.66845691362
0.804,3781.61848782409
0.805714285714286,3575.20127588024
0.807428571428571,3379.74644737409
0.809142857142857,3194.62101863873
0.810857142857143,3019.22747504834
0.812571428571429,2853.00192642784
0.814285714285714,2695.41233907272
0.816,2545.95684397936
0.817714285714286,2404.16212039299
0.819428571428571,2269.58185337923
0.821142857142857,2141.7952638031
0.822857142857143,2020.40570884607
0.824571428571429,1905.03935099575
0.826285714285714,1795.3438932975
0.828,1690.9873785532
0.829714285714286,1591.65705008469
0.831428571428571,1497.0582716407
0.833142857142857,1406.91350401324
0.834857142857143,1320.96133593626
0.836571428571429,1238.95556686398
0.838285714285714,1160.6643392642
0.84,1085.86931811078
0.841714285714286,1014.36491531775
0.843428571428571,945.957556921405
0.845142857142857,880.464990886934
0.846857142857143,817.715633488894
0.848571428571429,757.547952290729
0.850285714285714,699.809883825486
0.852,644.358284157501
0.853714285714286,591.058410582415
0.855428571428571,539.783432799639
0.857142857142857,490.413971967139
