501,256
0,0
0.00171428571428571,3.80761523046094
0.00342857142857143,7.61523046092188
0.00514285714285714,11.4228456913828
0.00685714285714286,15.2304609218437
0.00857142857142857,19.0380761523047
0.0102857142857143,22.8456913827656
0.012,26.6533066132265
0.0137142857142857,30.4609218436874
0.0154285714285714,34.2685370741484
0.0171428571428571,38.0761523046093
0.0188571428571429,41.8837675350702
0.0205714285714286,45.6913827655311
0.0222857142857143,49.4989979959921
0.024,53.306613226453
0.0257142857142857,57.1142284569139
0.0274285714285714,60.9218436873748
0.0291428571428571,64.7294589178358
0.0308571428571429,68.5370741482967
0.0325714285714286,72.3446893787576
0.0342857142857143,76.1523046092186
0.036,79.9599198396795
0.0377142857142857,83.7675350701404
0.0394285714285714,87.5751503006013
0.0411428571428571,91.3827655310622
0.0428571428571429,95.1903807615232
0.0445714285714286,98.9979959919841
0.0462857142857143,102.805611222445
0.048,106.613226452906
0.0497142857142857,110.420841683367
0.0514285714285714,114.228456913828
0.0531428571428571,118.036072144289
0.0548571428571429,121.84368737475
0.0565714285714286,125.651302605211
0.0582857142857143,129.458917835671
0.06,133.266533066133
0.0617142857142857,137.074148296593
0.0634285714285714,140.881763527054
0.0651428571428571,144.689378757515
0.0668571428571429,148.496993987976
0.0685714285714286,152.304609218437
0.0702857142857143,156.112224448898
0.072,159.919839679359
0.0737142857142857,163.72745490982
0.0754285714285714,167.535070140281
0.0771428571428571,171.342685370742
0.0788571428571428,175.150300601203
0.0805714285714286,178.957915831663
0.0822857142857143,182.765531062124
0.084,186.573146292585
0.0857142857142857,190.380761523046
0.0874285714285714,194.188376753507
0.0891428571428571,197.995991983968
0.0908571428571428,201.803607214429
0.0925714285714286,205.61122244489
0.0942857142857143,209.418837675351
0.096,213.226452905812
0.0977142857142857,217.034068136273
0.0994285714285714,220.841683366734
0.101142857142857,224.649298597195
0.102857142857143,228.456913827655
0.104571428571429,232.264529058116
0.106285714285714,236.072144288577
0.108,239.879759519038
0.109714285714286,243.687374749499
0.111428571428571,247.49498997996
0.113142857142857,251.302605210421
0.114857142857143,255.110220440882
0.116571428571429,258.917835671343
0.118285714285714,262.725450901804
0.12,266.533066132265
0.121714285714286,270.340681362726
0.123428571428571,274.148296593187
0.125142857142857,277.955911823647
0.126857142857143,281.763527054108
0.128571428571429,289.37875751503
0.130285714285714,296.993987975952
0.132,304.609218436874
0.133714285714286,312.224448897796
0.135428571428571,319.839679358717
0.137142857142857,327.454909819639
0.138857142857143,335.070140280561
0.140571428571429,342.685370741483
0.142285714285714,350.300601202405
0.144,357.915831663327
0.145714285714286,365.531062124249
0.147428571428571,373.14629258517
0.149142857142857,380.761523046092
0.150857142857143,388.376753507014
0.152571428571429,395.991983967936
0.154285714285714,403.607214428858
0.156,411.22244488978
0.157714285714286,418.837675350702
0.159428571428571,426.452905811623
0.161142857142857,434.068136272545
0.162857142857143,441.683366733467
0.164571428571429,449.298597194389
0.166285714285714,456.913827655311
0.168,464.529058116232
0.169714285714286,472.144288577154
0.171428571428571,479.759519038076
0.173142857142857,487.374749498998
0.174857142857143,494.98997995992
0.176571428571429,502.605210420842
0.178285714285714,510.220440881764
0.18,517.835671342685
0.181714285714286,525.450901803607
0.183428571428571,533.066132264529
0.185142857142857,540.681362725451
0.186857142857143,548.296593186373
0.188571428571429,555.911823647295
0.190285714285714,563.527054108216
0.192,571.142284569138
0.193714285714286,578.75751503006
0.195428571428571,586.372745490982
0.197142857142857,593.987975951904
0.198857142857143,601.603206412826
0.200571428571429,609.218436873748
0.202285714285714,616.833667334669
0.204,624.448897795591
0.205714285714286,632.064128256513
0.207428571428571,639.679358717435
0.209142857142857,647.294589178357
0.210857142857143,654.909819639279
0.212571428571429,662.5250501002
0.214285714285714,670.140280561122
0.216,677.755511022044
0.217714285714286,685.370741482966
0.219428571428571,692.985971943888
0.221142857142857,700.601202404809
0.222857142857143,708.216432865732
0.224571428571429,715.831663326654
0.226285714285714,723.446893787575
0.228,731.062124248497
0.229714285714286,738.677354709419
0.231428571428571,746.292585170341
0.233142857142857,753.907815631262
0.234857142857143,761.523046092184
0.236571428571429,769.138276553106
0.238285714285714,776.753507014028
0.24,784.36873747495
0.241714285714286,791.983967935872
0.243428571428571,799.599198396794
0.245142857142857,807.214428857715
0.246857142857143,814.829659318637
0.248571428571429,822.444889779559
0.250285714285714,830.060120240481
0.252,837.675350701403
0.253714285714286,845.290581162325
0.255428571428571,852.905811623247
0.257142857142857,860.521042084169
0.258857142857143,868.13627254509
0.260571428571429,875.751503006012
0.262285714285714,883.366733466934
0.264,890.981963927856
0.265714285714286,898.597194388778
0.267428571428571,906.2124248497
0.269142857142857,913.827655310621
0.270857142857143,921.442885771543
0.272571428571429,929.058116232465
0.274285714285714,936.673346693387
0.276,944.288577154309
0.277714285714286,951.903807615231
0.279428571428571,959.519038076152
0.281142857142857,967.134268537074
0.282857142857143,974.749498997996
0.284571428571429,982.364729458918
0.286285714285714,989.97995991984
0.288,997.595190380762
0.289714285714286,1005.21042084168
0.291428571428571,1012.82565130261
0.293142857142857,1020.44088176353
0.294857142857143,1028.05611222445
0.296571428571429,1035.67134268537
0.298285714285714,1043.28657314629
0.3,1050.90180360721
0.301714285714286,1058.51703406814
0.303428571428571,1066.08083599632
0.305142857142857,1073.54183231328
0.306857142857143,1080.90002301901
0.308571428571429,1088.15540811352
0.310285714285714,1095.30798759681
0.312,1102.35776146888
0.313714285714286,1109.30472972973
0.315428571428571,1116.14889237935
0.317142857142857,1122.89024941775
0.318857142857143,1129.52880084493
0.320571428571429,1136.06454666089
0.322285714285714,1142.49748686562
0.324,1148.82762145913
0.325714285714286,1155.05495044142
0.327428571428571,1161.17947381249
0.329142857142857,1167.20119157233
0.330857142857143,1173.12010372096
0.332571428571429,1178.93621025835
0.334285714285714,1184.64951118453
0.336,1190.26000649949
0.337714285714286,1195.76769620322
0.339428571428571,1201.17258029573
0.341142857142857,1206.47465877701
0.342857142857143,1211.67393164708
0.344571428571429,1216.77039890592
0.346285714285714,1221.76406055354
0.348,1226.65491658994
0.349714285714286,1231.44296701511
0.351428571428571,1236.12821182906
0.353142857142857,1240.71065103179
0.354857142857143,1245.1902846233
0.356571428571429,1249.56711260359
0.358285714285714,1253.84113497265
0.36,1258.01235173049
0.361714285714286,1262.08076287711
0.363428571428571,1266.0463684125
0.365142857142857,1269.90916833667
0.366857142857143,1273.66916264962
0.368571428571429,1277.32635135135
0.370285714285714,1280.88073444186
0.372,1284.33231192114
0.373714285714286,1287.6810837892
0.375428571428571,1290.92705004604
0.377142857142857,1294.07021069165
0.378857142857143,1297.11056572605
0.380571428571429,1300.04811514922
0.382285714285714,1302.88285896117
0.384,1305.61479716189
0.385714285714286,1308.24392975139
0.387428571428571,1310.77025672968
0.389142857142857,1313.19377809673
0.390857142857143,1315.51449385257
0.392571428571429,1317.73240399718
0.394285714285714,1319.84750853057
0.396,1321.85980745274
0.397714285714286,1323.76930076369
0.399428571428571,1325.57598846341
0.401142857142857,1327.27987055191
0.402857142857143,1328.88094702919
0.404571428571429,1330.37921789525
0.406285714285714,1331.77468315008
0.408,1333.0673427937
0.409714285714286,1334.25719682608
0.411428571428571,1335.34424524725
0.413142857142857,1336.3284880572
0.414857142857143,1337.20992525592
0.416571428571429,1337.98855684342
0.418285714285714,1338.66438281969
0.42,1339.23740318475
0.421714285714286,1339.70761793858
0.423428571428571,1340.07502708119
0.425142857142857,1340.33963061258
0.426857142857143,1340.50142853274
0.428571428571429,1340.56042084168
0.430285714285714,1340.5166075394
0.432,1340.3699886259
0.433714285714286,1340.12056410118
0.435428571428571,1339.76833396523
0.437142857142857,1339.31329821806
0.438857142857143,1338.75545685966
0.440571428571429,1338.09480989005
0.442285714285714,1337.33135730921
0.444,1336.46509911715
0.445714285714286,1335.49603531387
0.447428571428571,1334.42416589937
0.449142857142857,1333.24949087364
0.450857142857143,1331.97201023669
0.452571428571429,1330.59172398852
0.454285714285714,1329.10863212912
0.456,1327.52273465851
0.457714285714286,1325.83403157667
0.459428571428571,1324.04252288361
0.461142857142857,1322.14820857932
0.462857142857143,1320.15108866381
0.464571428571429,1324.66448425373
0.466285714285714,1360.95467472452
0.468,1429.24187596136
0.469714285714286,1527.60864238455
0.471428571428571,1654.14108109989
0.473142857142857,1806.94489155489
0.474857142857143,1984.1591484036
0.476571428571429,2183.96791120505
0.478285714285714,2404.60978109808
0.48,2644.38555084335
0.481714285714286,2901.66411177051
0.483428571428571,3174.8867905089
0.485142857142857,3462.57029123757
0.486857142857143,3763.30841684856
0.488571428571429,4075.77273606547
0.490285714285714,4398.71235426525
0.492,4730.95293443934
0.493714285714286,5071.39510218133
0.495428571428572,5419.01235544001
0.497142857142857,5772.84858653543
0.498857142857143,6132.01531098889
0.500571428571429,6495.6886853498
0.502285714285714,6863.10638461157
0.504,7233.56439911732
0.505714285714286,7606.41380113567
0.507428571428571,7981.05752255425
0.509142857142857,8356.94717738553
0.510857142857143,8733.57995596699
0.512571428571428,9110.49561181162
0.514285714285714,9487.27355696015
0.516,9863.53007733216
0.517714285714286,10238.9156758953
0.519428571428571,10613.1125483973
0.521142857142857,10985.832193866
0.522857142857143,11356.8131600047
0.524571428571429,11725.818921946
0.526285714285714,12092.6358915005
0.528,12457.071553017
0.529714285714286,12818.9527211985
0.531428571428571,13178.1239156547
0.533142857142857,13534.4458465924
0.534857142857143,13887.7940057989
0.536571428571429,14238.0573569592
0.538285714285714,14585.1371193141
0.54,14928.9456387217
0.541714285714286,15269.4053402879
0.543428571428571,15606.4477568882
0.545142857142857,15940.0126280863
0.546857142857143,16270.0470641654
0.548571428571429,16596.5047702141
0.550285714285714,16919.3453254394
0.552,17238.53351312
0.553714285714286,17554.0386968444
0.555428571428571,17865.8342389173
0.557142857142857,18173.9483855671
0.558857142857143,18478.412278227
0.560571428571428,18779.2081502969
0.562285714285714,19076.3202544487
0.564,19369.7344375994
0.565714285714286,19659.4377377031
0.567428571428571,19945.4179995962
0.569142857142857,20227.6635072706
0.570857142857143,20506.1626300839
0.572571428571429,20780.9034805334
0.574285714285714,21051.8735813284
0.576,21319.0595395892
0.577714285714286,21582.4467260843
0.579428571428571,21842.01895749
0.581142857142857,22097.7581797157
0.582857142857143,22349.6441503905
0.584571428571429,22597.6541186448
0.586285714285714,22841.7625003536
0.588,23081.9405470252
0.589714285714286,23318.1560065371
0.591428571428571,23550.3727739179
0.593142857142857,23778.5505303746
0.594857142857143,24002.6443687494
0.596571428571429,24222.6044035706
0.598285714285714,24438.3753638369
0.6,24649.8961666372
0.601714285714286,24857.0994696716
0.603428571428571,25059.911200692
0.605142857142857,25258.2500618275
0.606857142857143,25452.0270067079
0.608571428571429,25641.1446882325
0.610285714285714,25825.4968747709
0.612,26004.9678325125
0.613714285714286,26179.4316716099
0.615428571428571,26348.7516536909
0.617142857142857,26512.7794582358
0.618857142857143,26671.3544052439
0.620571428571429,26824.3026315376
0.622285714285714,26971.4362179754
0.624,27112.5522647748
0.625714285714286,27247.4319120697
0.627428571428571,27375.8393027639
0.629142857142857,27497.5204846664
0.630857142857143,27612.202248838
0.632571428571429,27719.5909010101
0.634285714285714,27819.3709628808
0.636,27911.203800027
0.637714285714286,27994.7261731186
0.639428571428571,28069.5487090452
0.641142857142857,28135.2542885045
0.642857142857143,28191.396346509
0.644571428571429,28237.4970821753
0.646285714285714,28273.0455740345
0.648,28297.4957969519
0.649714285714286,28310.2645365526
0.651428571428571,28310.7291968131
0.653142857142857,28294.815491119
0.654857142857143,28255.7479414921
0.656571428571429,28192.3910057728
0.658285714285714,28103.6666581002
0.66,27988.5716178587
0.661714285714286,27846.1953938293
0.663428571428571,27675.7388271969
0.665142857142857,27476.5327521405
0.666857142857143,27248.0563327984
0.668571428571429,26989.9545845824
0.670285714285714,26702.0545504867
0.672,26384.3795834677
0.673714285714286,26037.1611880123
0.675428571428571,25660.8479006663
0.677142857142857,25256.1107423225
0.678857142857143,24823.8448546627
0.680571428571429,24365.1670376729
0.682285714285714,23881.409031037
0.684,23374.1065240509
0.685714285714286,22844.9840294907
0.687428571428571,22295.9359084975
0.689142857142857,21729.003977368
0.690857142857143,21146.3522547088
0.692571428571429,20550.2395111526
0.694285714285714,19942.990357721
0.696,19326.9656489865
0.697714285714286,18704.5329818178
0.699428571428571,18078.0380405288
0.701142857142857,17449.7774778034
0.702857142857143,16821.9739328818
0.704571428571429,16196.753680593
0.706285714285714,15576.127284148
0.708,14961.973498538
0.709714285714286,14356.0265469148
0.711428571428571,13759.8667755571
0.713142857142857,13174.9145888355
0.714857142857143,12602.4274774823
0.716571428571429,12043.4998834973
0.718285714285714,11499.0655938884
0.72,10969.9023226966
0.721714285714286,10456.6381249784
0.723428571428571,9959.75928555194
0.725142857142857,9479.61933686463
0.726857142857143,9016.44888166024
0.728571428571429,8570.3659245588
0.730285714285714,8141.38644976752
0.732,7731.33501771408
0.733714285714286,7340.05518959847
0.735428571428571,6965.4196242104
0.737142857142857,6607.13972473633
0.738857142857143,6264.8747438947
0.740571428571429,5938.24028309612
0.742285714285714,5626.81614518097
0.744,5330.15352059187
0.745714285714286,5047.78150369643
0.747428571428571,4779.21294959894
0.749142857142857,4523.94969245215
0.750857142857143,4281.48715432681
0.752571428571429,4051.3183794587
0.754285714285714,3832.93753250943
0.756,3625.8429016725
0.757714285714286,3429.5394483298
0.759428571428571,3243.54094478547
0.761142857142857,3067.37174061226
0.762857142857143,2900.56819654532
0.764571428571429,2742.67982282411
0.766285714285714,2593.27015655917
0.768,2451.91741020479
0.769714285714286,2318.21492064627
0.771428571428571,2191.77142583375
0.773142857142857,2072.21119337151
0.774857142857143,1959.17402304219
0.776571428571429,1852.31514293889
0.778285714285714,1751.30501671494
0.78,1655.82907745073
0.781714285714286,1565.5874017858
0.783428571428571,1480.29433627233
0.785142857142857,1399.67808636904
0.786857142857143,1323.48027710769
0.788571428571429,1251.45549321903
0.790285714285714,1183.37080539274
0.792,1119.00528835716
0.793714285714286,1058.14953558916
0.795428571428571,1000.60517469333
0.797142857142857,946.184386812206
0.798857142857143,894.709432837571
0.800571428571429,846.012188676951
0.802285714285714,799.933691382724
0.804,756.323697564818
0.805714285714286,715.040255176049
0.807428571428571,675.949289474817
0.809142857142857,638.924203727746
0.810857142857143,603.845495009668
0.812571428571429,570.600385285568
0.814285714285714,539.082467814544
0.816,509.191368795872
0.817714285714286,480.832424078599
0.819428571428571,453.916370675845
0.821142857142857,428.359052760619
0.822857142857143,404.081141769213
0.824571428571429,381.007870199151
0.826285714285714,359.0687786595
0.828,338.197475710641
0.829714285714286,318.331410016938
0.831428571428571,299.411654328141
0.833142857142857,281.382700802649
0.834857142857143,264.192267187252
0.836571428571429,247.791113372797
0.838285714285714,232.132867852839
0.84,217.173863622156
0.841714285714286,202.87298306355
0.843428571428571,189.191511384281
0.845142857142857,176.092998177387
0.846857142857143,163.543126697779
0.848571428571429,151.509590458146
0.850285714285714,139.961976765097
0.852,128.8716568315
0.853714285714286,118.211682116483
0.855428571428571,107.956686559928
0.857142857142857,98.0827943934278
