501,256
0,0
0.00171428571428571,0
0.00342857142857143,0
0.00514285714285714,0
0.00685714285714286,0
0.00857142857142857,0
0.0102857142857143,0
0.012,0
0.0137142857142857,0
0.0154285714285714,0
0.0171428571428571,0
0.0188571428571429,0
0.0205714285714286,0
0.0222857142857143,0
0.024,0
0.0257142857142857,0
0.0274285714285714,0
0.0291428571428571,0
0.0308571428571429,0
0.0325714285714286,0
0.0342857142857143,0
0.036,0
0.0377142857142857,0
0.0394285714285714,0
0.0411428571428571,0
0.0428571428571429,0
0.0445714285714286,0
0.0462857142857143,0
0.048,0
0.0497142857142857,0
0.0514285714285714,0
0.0531428571428571,0
0.0548571428571429,0
0.0565714285714286,0
0.0582857142857143,0
0.06,0
0.0617142857142857,0
0.0634285714285714,0
0.0651428571428571,0
0.0668571428571429,0
0.0685714285714286,0
0.0702857142857143,0
0.072,0
0.0737142857142857,0
0.0754285714285714,0
0.0771428571428571,0
0.0788571428571428,0
0.0805714285714286,0
0.0822857142857143,0
0.084,0
0.0857142857142857,0
0.0874285714285714,0
0.0891428571428571,0
0.0908571428571428,0
0.0925714285714286,0
0.0942857142857143,0
0.096,0
0.0977142857142857,0
0.0994285714285714,0
0.101142857142857,0
0.102857142857143,0
0.104571428571429,0
0.106285714285714,0
0.108,0
0.109714285714286,0
0.111428571428571,0
0.113142857142857,0
0.114857142857143,0
0.116571428571429,0
0.118285714285714,0
0.12,0
0.121714285714286,0
0.123428571428571,0
0.125142857142857,0
0.126857142857143,0
0.128571428571429,0
0.130285714285714,0
0.132,0
0.133714285714286,0
0.135428571428571,0
0.137142857142857,0
0.138857142857143,0
0.140571428571429,0
0.142285714285714,0
0.144,0
0.145714285714286,0
0.147428571428571,0
0.149142857142857,0
0.150857142857143,0
0.152571428571429,0
0.154285714285714,0
0.156,0
0.157714285714286,0
0.159428571428571,0
0.161142857142857,0
0.162857142857143,0
0.164571428571429,0
0.166285714285714,0
0.168,0
0.169714285714286,0
0.171428571428571,0
0.173142857142857,0
0.174857142857143,0
0.176571428571429,0
0.178285714285714,0
0.18,0
0.181714285714286,0
0.183428571428571,0
0.185142857142857,0
0.186857142857143,0
0.188571428571429,0
0.190285714285714,0
0.192,0
0.193714285714286,0
0.195428571428571,0
0.197142857142857,0
0.198857142857143,0
0.200571428571429,0
0.202285714285714,0
0.204,0
0.205714285714286,0
0.207428571428571,0
0.209142857142857,0
0.210857142857143,0
0.212571428571429,0
0.214285714285714,0
0.216,0
0.217714285714286,0
0.219428571428571,0
0.221142857142857,0
0.222857142857143,0
0.224571428571429,0
0.226285714285714,0
0.228,0
0.229714285714286,0
0.231428571428571,0
0.233142857142857,0
0.234857142857143,0
0.236571428571429,0
0.238285714285714,0
0.24,0
0.241714285714286,0
0.243428571428571,0
0.245142857142857,0
0.246857142857143,0
0.248571428571429,0
0.250285714285714,0
0.252,0
0.253714285714286,0
0.255428571428571,0
0.257142857142857,0
0.258857142857143,0
0.260571428571429,0
0.262285714285714,0
0.264,0
0.265714285714286,0
0.267428571428571,0
0.269142857142857,0
0.270857142857143,0
0.272571428571429,0
0.274285714285714,0
0.276,0
0.277714285714286,0
0.279428571428571,0
0.281142857142857,0
0.282857142857143,0
0.284571428571429,0
0.286285714285714,0
0.288,0
0.289714285714286,0
0.291428571428571,0
0.293142857142857,0
0.294857142857143,0
0.296571428571429,0
0.298285714285714,0
0.3,0
0.301714285714286,0
0.303428571428571,0
0.305142857142857,0
0.306857142857143,0
0.308571428571429,0
0.310285714285714,0
0.312,0
0.313714285714286,0
0.315428571428571,0
0.317142857142857,0
0.318857142857143,0
0.320571428571429,0
0.322285714285714,0
0.324,0
0.325714285714286,0
0.327428571428571,0
0.329142857142857,0
0.330857142857143,0
0.332571428571429,0
0.334285714285714,0
0.336,0
0.337714285714286,0
0.339428571428571,0
0.341142857142857,0
0.342857142857143,0
0.344571428571429,0
0.346285714285714,0
0.348,0
0.349714285714286,0
0.351428571428571,0
0.353142857142857,0
0.354857142857143,0
0.356571428571429,0
0.358285714285714,0
0.36,0
0.361714285714286,0
0.363428571428571,0
0.365142857142857,0
0.366857142857143,0
0.368571428571429,0
0.370285714285714,0
0.372,0
0.373714285714286,0
0.375428571428571,0
0.377142857142857,0
0.378857142857143,0
0.380571428571429,0
0.382285714285714,0
0.384,0
0.385714285714286,0
0.387428571428571,0
0.389142857142857,0
0.390857142857143,0
0.392571428571429,0
0.394285714285714,0
0.396,0
0.397714285714286,0
0.399428571428571,0
0.401142857142857,0
0.402857142857143,0
0.404571428571429,0
0.406285714285714,0
0.408,0
0.409714285714286,0
0.411428571428571,0
0.413142857142857,0
0.414857142857143,0
0.416571428571429,0
0.418285714285714,0
0.42,0
0.421714285714286,0
0.423428571428571,0
0.425142857142857,0
0.426857142857143,0
0.428571428571429,0
0.430285714285714,0
0.432,0
0.433714285714286,1708.69480720378
0.435428571428571,8627.13391367027
0.437142857142857,18153.6292859834
0.438857142857143,28842.1019859359
0.440571428571429,39986.65435254
0.442285714285714,51260.7352453684
0.444,62517.3635153862
0.445714285714286,73691.5982002864
0.447428571428571,84755.3839655332
0.449142857142857,95697.1257831103
0.450857142857143,106512.544786309
0.452571428571429,117200.603514195
0.454285714285714,127761.693975466
0.456,138196.832746074
0.457714285714286,148507.303630365
0.459428571428571,158694.499115617
0.461142857142857,168759.850099588
0.462857142857143,178704.794809602
0.464571428571429,188530.765120214
0.466285714285714,198239.180593792
0.468,207831.445948362
0.469714285714286,217308.950045657
0.471428571428571,226673.065552713
0.473142857142857,235925.148901169
0.474857142857143,245066.540377419
0.476571428571429,254098.564269566
0.478285714285714,263022.529038309
0.48,271839.727497194
0.481714285714286,280551.436995774
0.483428571428571,289158.919602827
0.485142857142857,297663.422288375
0.486857142857143,306066.177103973
0.488571428571429,314368.401361038
0.490285714285714,322571.297807126
0.492,330676.054800149
0.493714285714286,338683.846480514
0.495428571428572,346595.832941219
0.497142857142857,354413.160395909
0.498857142857143,362136.961344932
0.500571428571429,369768.354739401
0.502285714285714,377308.446143298
0.504,384758.32789364
0.505714285714286,392119.07925872
0.507428571428571,399391.766594469
0.509142857142857,406577.443498933
0.510857142857143,413677.150964911
0.512571428571428,420691.917530767
0.514285714285714,427622.759429429
0.516,434470.680735615
0.517714285714286,441236.673511295
0.519428571428571,447921.717949405
0.521142857142857,454526.782515859
0.522857142857143,461052.824089839
0.524571428571429,467500.788102428
0.526285714285714,473871.608673571
0.528,480166.2087474
0.529714285714286,486385.500225946
0.531428571428571,492530.384101243
0.533142857142857,498601.750585856
0.534857142857143,504600.479241847
0.536571428571429,510527.439108197
0.538285714285714,516383.488826707
0.54,522169.476766384
0.541714285714286,527886.241146351
0.543428571428571,533534.610157276
0.545142857142857,539115.402081355
0.546857142857143,544629.425410853
0.548571428571429,550077.478965238
0.550285714285714,555460.352006898
0.552,560778.824355487
0.553714285714286,566033.666500898
0.555428571428571,571225.639714881
0.557142857142857,576355.496161332
0.558857142857143,581423.979005258
0.560571428571428,586431.822520439
0.562285714285714,591379.752195805
0.564,596268.484840534
0.565714285714286,601098.728687902
0.567428571428571,605871.18349788
0.569142857142857,610586.540658511
0.570857142857143,615245.483286073
0.572571428571429,619848.686324038
0.574285714285714,624396.816640857
0.576,628890.533126566
0.577714285714286,633330.486788239
0.579428571428571,637717.320844302
0.581142857142857,642051.670817716
0.582857142857143,646334.164628043
0.584571428571429,650565.422682412
0.586285714285714,654746.057965391
0.588,658876.676127788
0.589714285714286,662957.875574363
0.591428571428571,666990.247550482
0.593142857142857,670974.376227667
0.594857142857143,674910.838788014
0.596571428571429,678800.205507334
0.598285714285714,682643.039836726
0.6,686439.898481911
0.601714285714286,690191.331478845
0.603428571428571,693897.882262312
0.605142857142857,697560.087720279
0.606857142857143,701178.478218073
0.608571428571429,704753.577557351
0.610285714285714,708285.902792812
0.612,711775.963737203
0.613714285714286,715224.261782015
0.615428571428571,718631.287214551
0.617142857142857,721997.513229724
0.618857142857143,725323.382675142
0.620571428571429,728609.278819296
0.622285714285714,731855.460993677
0.624,735061.923019683
0.625714285714286,738228.081959523
0.627428571428571,741352.094315801
0.629142857142857,744429.355714622
0.630857142857143,747449.218265264
0.632571428571429,750387.852501201
0.634285714285714,753192.938484116
0.636,755751.837717396
0.637714285714286,757829.97332094
0.639428571428571,758970.434742475
0.641142857142857,757163.830485167
0.642857142857143,746893.230692796
0.644571428571429,726453.658901682
0.646285714285714,697324.473236313
0.648,663123.800459281
0.649714285714286,627190.666698607
0.651428571428571,591564.84702994
0.653142857142857,557225.623420307
0.654857142857143,524559.205480686
0.656571428571429,493670.541630456
0.658285714285714,464542.388812903
0.66,437108.149976774
0.661714285714286,411283.608640692
0.663428571428571,386980.362867533
0.665142857142857,364111.352081513
0.666857142857143,342593.017473658
0.668571428571429,322346.043384046
0.670285714285714,303295.507740856
0.672,285370.79207268
0.673714285714286,268505.398909187
0.675428571428571,252636.738563091
0.677142857142857,237705.911004588
0.678857142857143,223657.493224496
0.680571428571429,210439.336034573
0.682285714285714,198002.37155381
0.684,186300.431512883
0.685714285714286,175290.076060318
0.687428571428571,164930.432586227
0.689142857142857,155183.04402929
0.690857142857143,146011.726130926
0.692571428571429,137382.433118181
0.694285714285714,129263.131321569
0.696,121623.680260749
0.697714285714286,114435.720757459
0.699428571428571,107672.569660744
0.701142857142857,101309.120793816
0.702857142857143,95321.7517549105
0.704571428571429,89688.2362261991
0.706285714285714,84387.6614652324
0.708,79400.3506726381
0.709714285714286,74707.7899478855
0.711428571428571,70292.5595619656
0.713142857142857,66138.2692918534
0.714857142857143,62229.4975767049
0.716571428571429,58551.7342699217
0.718285714285714,55091.3267745693
0.72,51835.4293621923
0.721714285714286,48771.9554868867
0.723428571428571,45889.5329176117
0.725142857142857,43177.4615221808
0.726857142857143,40625.6735462199
0.728571428571429,38224.6962396383
0.730285714285714,35965.6166918757
0.732,33840.0487453859
0.733714285714286,31840.1018645335
0.735428571428571,29958.3518443396
0.737142857142857,28187.8132503391
0.738857142857143,26521.9134872441
0.740571428571429,24954.468400148
0.742285714285714,23479.6593176992
0.744,22092.0114520232
0.745714285714286,20786.3735752086
0.747428571428571,19557.8988969138
0.749142857142857,18402.0270721062
0.750857142857143,17314.4672721447
0.752571428571429,16291.182256361
0.754285714285714,15328.37338501
0.756,14422.4665179559
0.757714285714286,13570.0987467447
0.759428571428571,12768.1059108121
0.761142857142857,12013.5108514831
0.762857142857143,11303.5123601605
0.764571428571429,10635.474779675
0.766285714285714,10006.9182201962
0.768,9415.5093533826
0.769714285714286,8859.05275059769
0.771428571428571,8335.48273303736
0.773142857142857,7842.85570351485
0.774857142857143,7379.34293143713
0.776571428571429,6943.22376418919
0.778285714285714,6532.87923972561
0.78,6146.78607665783
0.781714285714286,5783.51101952735
0.783428571428571,5441.70551827328
0.785142857142857,5120.10072214333
0.786857142857143,4817.50276946466
0.788571428571429,4532.7883557893
0.790285714285714,4264.90056396215
0.792,4012.84494063199
0.793714285714286,3775.68580464064
0.795428571428571,3552.54277358639
0.797142857142857,3342.58749566743
0.798857142857143,3145.04057467349
0.800571428571429,2959.16867671028
0.802285714285714,2784.2818079167
0.804,2619.73075306883
0.805714285714286,2464.90466556246
0.807428571428571,2319.22879982772
0.809142857142857,2182.1623777579
0.810857142857143,2053.19658123241
0.812571428571429,1931.85266328157
0.814285714285714,1817.68017088163
0.816,1710.25527278253
0.817714285714286,1609.17918616108
0.819428571428571,1514.07669625896
0.821142857142857,1424.59476351005
0.822857142857143,1340.40121298661
0.824571428571429,1261.1835012991
0.826285714285714,1186.64755637232
0.828,1116.51668579072
0.829714285714286,1050.53054966049
0.831428571428571,988.444194175554
0.833142857142857,930.027142299778
0.834857142857143,875.062538189861
0.836571428571429,823.346342182841
0.838285714285714,774.686573359835
0.84,728.902596874268
0.841714285714286,685.824453398999
0.843428571428571,645.292228203118
0.845142857142857,607.155457516314
0.846857142857143,571.2725699771
0.848571428571429,537.510361091453
0.850285714285714,505.743498750948
0.852,475.854057974767
0.853714285714286,447.731083148458
0.855428571428571,421.270176134384
0.857142857142857,396.373108724842
